$ 1 0.000005 10.20027730826997 50 5 50 5e-11
155 48 208 160 208 0 5
155 400 208 416 208 0 0
155 400 400 560 400 0 0
w 48 208 16 208 0
w 16 208 16 144 0
w 560 144 560 272 0
w 560 272 496 272 0
R 48 240 -64 240 1 2 100 2.5 2.5 0 0.5
w 48 240 48 432 0
152 272 224 304 224 0 2 5 5
w 256 208 272 208 0
w 304 224 400 208 0
150 224 176 160 176 0 2 5 5
w 240 144 240 160 0
w 240 160 224 160 0
w 224 192 240 192 0
w 160 176 160 480 0
152 208 464 256 464 0 2 5 5
w 160 480 208 480 0
w 272 240 240 240 0
w 240 240 240 384 0
w 240 384 176 384 0
w 176 384 176 448 0
w 176 448 208 448 0
w 256 464 368 464 0
w 368 464 368 400 0
w 368 400 400 400 0
157 784 336 800 336 0 7 0 0
150 512 336 464 336 0 2 0 5
w 496 208 528 208 0
w 528 208 528 320 0
w 512 320 528 320 0
w 512 352 528 352 0
w 528 352 528 464 0
w 528 464 496 464 0
w 240 384 352 384 0
w 352 384 352 336 0
w 352 336 464 336 0
w 496 400 560 400 0
w 528 208 608 208 0
w 144 208 144 80 0
w 144 80 640 80 0
w 400 240 320 240 0
w 320 432 320 240 0
w 48 432 320 432 0
w 320 432 400 432 0
w 144 208 240 208 0
w 240 208 240 192 0
w 240 208 256 208 0
w 16 144 240 144 0
w 240 144 560 144 0
197 656 336 688 336 0
w 784 464 848 464 0
w 784 496 880 496 0
w 880 496 880 464 0
w 784 528 912 528 0
w 912 528 912 464 0
w 640 80 640 368 0
w 640 368 656 368 0
w 608 208 608 400 0
w 608 400 656 400 0
w 560 400 560 432 0
w 560 432 656 432 0
