$ 1 0.000005 10.20027730826997 50 5 50 5e-11
197 752 256 784 256 0
157 880 256 912 256 0 7 0 0
w 880 384 944 384 0
w 880 416 976 416 0
w 976 416 976 384 0
w 1008 384 1008 448 0
w 1008 448 880 448 0
156 16 96 64 96 0 5
156 16 240 64 240 0 0
156 16 400 64 400 0 0
w 112 240 128 240 0
w 128 240 128 208 0
w 128 208 16 208 0
w 16 160 16 208 0
w 112 304 160 304 0
w 112 464 144 464 0
150 160 320 224 320 0 2 5 5
w 144 464 144 336 0
w 144 336 160 336 0
w 224 320 240 320 0
w 240 320 240 64 0
w 240 64 16 64 0
w 16 64 16 96 0
w 112 96 144 96 0
w 144 96 144 224 0
w 144 224 0 224 0
w 0 224 0 240 0
w 0 240 16 240 0
150 224 384 288 384 0 2 0 5
w 112 400 224 400 0
w 112 160 208 160 0
w 208 160 208 368 0
w 208 368 224 368 0
w 288 384 304 384 0
w 304 384 304 352 0
w 304 352 16 352 0
w 16 304 16 352 0
w 128 240 288 240 0
150 288 256 352 256 0 2 0 5
w 144 464 256 464 0
w 256 464 256 272 0
w 256 272 288 272 0
w 144 96 368 96 0
152 384 192 432 192 0 2 5 5
w 368 96 368 176 0
w 368 176 384 176 0
w 384 208 368 208 0
w 368 208 368 256 0
w 368 256 352 256 0
w 432 192 464 192 0
w 464 192 464 496 0
w 464 496 0 496 0
w 16 400 0 400 0
w 0 400 0 496 0
w 16 464 -32 464 0
R -32 464 -32 496 0 0 40 5 0 0 0.5
R -32 128 -80 128 1 2 100 2.5 2.5 0 0.5
w -32 128 16 128 0
w -32 128 -32 272 0
w -32 272 16 272 0
w -32 272 -32 432 0
w -32 432 16 432 0
w 368 96 720 96 0
w 720 96 720 288 0
w 720 288 752 288 0
w 128 208 288 208 0
w 288 208 288 144 0
w 288 144 688 144 0
w 688 144 688 320 0
w 688 320 752 320 0
w 112 400 112 432 0
w 112 432 752 432 0
w 752 352 752 432 0
