$ 1 0.000005 10.20027730826997 50 5 43 5e-11
157 896 240 928 240 0 7 0 0
197 768 240 848 240 0
155 -64 48 -32 48 0 0
155 -64 272 -32 272 0 5
155 -64 464 -48 464 0 0
w 896 368 960 368 0
w 992 368 992 400 0
w 992 400 896 400 0
w 1024 368 1024 432 0
w 1024 432 896 432 0
R -128 80 -176 80 1 2 100 2.5 2.5 0 0.5
w -128 80 -64 80 0
w -128 80 -128 304 0
w -128 304 -64 304 0
w -128 304 -128 496 0
w -128 496 -64 496 0
w 32 464 48 464 0
w 48 464 48 576 0
w 48 576 -112 576 0
w -112 576 -112 48 0
w -112 48 -64 48 0
w 32 528 64 528 0
150 80 288 128 288 0 2 5 5
w 32 272 80 272 0
w 80 304 64 304 0
w 64 304 64 528 0
w 32 272 32 240 0
w 32 240 144 240 0
w 32 48 128 48 0
150 160 64 208 64 0 2 0 5
w 128 48 160 48 0
w 160 80 144 80 0
w 144 80 144 240 0
w 48 464 96 464 0
w 32 336 96 336 0
150 112 352 144 352 0 2 0 5
w 96 336 112 336 0
w 112 368 96 368 0
w 96 368 96 464 0
152 192 336 240 336 0 3 5 5
w 144 352 192 352 0
w 128 288 160 288 0
w 160 288 160 336 0
w 160 336 192 336 0
w 208 64 208 272 0
w 208 272 176 272 0
w 176 272 176 320 0
w 176 320 192 320 0
w 240 336 256 336 0
w 256 336 256 224 0
w 256 224 -80 224 0
w -80 224 -80 272 0
w -80 272 -64 272 0
w 32 336 32 400 0
w 32 400 128 400 0
w 64 528 128 528 0
150 144 448 192 448 0 2 0 5
w 128 400 128 432 0
w 128 432 144 432 0
w 144 464 128 464 0
w 128 464 128 528 0
w 128 528 192 528 0
w 32 112 272 112 0
150 272 128 320 128 0 2 5 5
w 272 144 272 528 0
w 272 528 192 528 0
w 48 576 304 576 0
w 128 400 304 400 0
150 304 416 336 416 0 2 0 5
w 304 432 304 576 0
w 336 416 352 416 0
w 320 128 336 128 0
152 352 416 384 416 0 3 5 5
w 336 128 336 384 0
w -64 464 -80 464 0
w -80 464 -80 560 0
w -80 560 416 560 0
w 32 464 32 496 0
w 32 496 768 496 0
w 768 496 768 336 0
w 144 240 608 240 0
w 608 240 608 304 0
w 608 304 768 304 0
w 32 48 32 32 0
w 32 32 752 32 0
w 752 32 752 272 0
w 752 272 768 272 0
w 384 416 416 416 0
w 416 416 416 560 0
w 336 384 336 400 0
w 336 400 352 400 0
w 352 432 208 432 0
w 208 432 208 448 0
w 208 448 192 448 0
