$ 1 0.000005 10.20027730826997 50 5 43 5e-11
157 1168 176 1184 176 0 7 0 0
197 1040 176 1168 176 0
w 1168 304 1232 304 0
w 1168 336 1264 336 0
w 1264 304 1264 336 0
w 1296 304 1296 368 0
w 1296 368 1168 368 0
155 -576 -256 -512 -256 0 5
155 -576 -16 -512 -16 0 5
155 -576 208 -512 208 0 0
155 -576 464 -512 464 0 0
R -624 -224 -688 -224 1 2 100 2.5 2.5 0 0.5
w -624 -224 -576 -224 0
w -624 -224 -624 16 0
w -624 16 -576 16 0
w -624 16 -624 240 0
w -624 240 -576 240 0
w -624 240 -624 496 0
w -624 496 -576 496 0
w -480 -256 -448 -256 0
w -480 208 -448 208 0
150 -448 -240 -368 -240 0 2 0 5
w -448 -224 -448 208 0
w -480 272 -432 272 0
w -480 528 -432 528 0
150 -432 272 -352 272 0 3 5 5
w -432 288 -432 528 0
w -480 -16 -432 -16 0
w -432 -16 -432 256 0
w -480 48 -400 48 0
150 -368 -176 -304 -176 0 3 0 5
w -480 -192 -368 -192 0
w -368 -176 -400 -176 0
w -400 -176 -400 48 0
w -368 -160 -384 -160 0
w -384 -160 -384 528 0
w -432 528 -384 528 0
152 -272 -176 -192 -176 0 3 5 5
w -368 -240 -272 -240 0
w -272 -240 -272 -192 0
w -304 -176 -272 -176 0
w -272 -160 -288 -160 0
w -288 -160 -288 272 0
w -288 272 -352 272 0
w -192 -176 -176 -176 0
w -176 -176 -176 -288 0
w -176 -288 -592 -288 0
w -592 -288 -592 -256 0
w -592 -256 -576 -256 0
w -448 208 -192 208 0
w -400 48 -192 48 0
150 -144 64 -80 64 0 2 0 5
w -192 48 -144 48 0
w -192 80 -192 208 0
w -192 80 -144 80 0
w -432 -16 -160 -16 0
w -480 -256 -480 -320 0
w -480 -320 -160 -320 0
150 -160 -32 -96 -32 0 2 5 5
w -160 -320 -160 -48 0
152 -64 48 0 48 0 2 5 5
w -80 64 -64 64 0
w -96 -32 -80 -32 0
w -80 -32 -80 32 0
w -80 32 -64 32 0
w 0 48 16 48 0
w 16 48 16 -112 0
w 16 -112 -576 -112 0
w -576 -112 -576 -16 0
w -384 528 -288 528 0
w -160 -320 48 -320 0
w -288 528 48 528 0
150 48 512 112 512 0 2 5 5
w 48 -320 48 496 0
w -480 464 -96 464 0
w -480 -16 -480 -48 0
w -480 -48 -240 -48 0
w -480 272 -480 368 0
w -480 368 -176 368 0
150 -96 448 -16 448 0 3 0 5
w -176 368 -176 448 0
w -176 448 -96 448 0
w -240 -48 -240 336 0
w -240 336 -112 336 0
w -112 336 -112 432 0
w -112 432 -96 432 0
152 128 496 192 496 0 2 5 5
w 112 512 128 512 0
w -16 448 112 448 0
w 112 448 112 480 0
w 112 480 128 480 0
w 192 496 208 496 0
w 208 496 208 160 0
w 208 160 -576 160 0
w -576 160 -576 208 0
w -480 208 -480 144 0
w -480 144 128 144 0
w 48 -320 128 -320 0
150 128 128 208 128 0 2 0 5
w 128 -320 128 112 0
w -480 -48 -480 -80 0
w -480 -80 144 -80 0
w -480 -192 -480 -128 0
w -480 -128 144 -128 0
150 192 -112 272 -112 0 2 0 5
w 144 -128 192 -128 0
w 192 -96 144 -96 0
w 144 -96 144 -80 0
152 272 -96 352 -96 0 2 0 5
w 272 -80 272 128 0
w 272 128 208 128 0
w 352 -96 368 -96 0
w -640 -368 -640 464 0
w -640 464 -576 464 0
w 144 -80 144 -32 0
w -480 464 -480 400 0
w 144 -32 448 -32 0
w 128 -320 448 -320 0
w 368 -368 -640 -368 0
w 368 -368 368 -96 0
w -192 208 448 208 0
w -480 400 448 400 0
w 448 -32 464 -32 0
151 480 384 544 384 0 2 5 5
w 448 208 448 368 0
w 448 368 480 368 0
w 480 400 448 400 0
w 448 400 448 464 0
150 560 448 640 448 0 2 0 5
150 560 336 640 336 0 2 0 5
w 448 464 560 464 0
w 544 384 544 432 0
w 544 432 560 432 0
w 544 384 544 352 0
w 544 352 560 352 0
w 448 208 560 208 0
w 560 208 560 320 0
w 1024 336 1024 240 0
w 1024 240 1040 240 0
w 1040 272 1008 272 0
w 1008 272 1008 448 0
w 1008 448 640 448 0
w 1024 336 640 336 0
151 464 -48 528 -48 0 2 0 5
w 448 -320 448 -64 0
w 448 -64 464 -64 0
150 576 -304 624 -304 0 2 0 5
150 576 -32 624 -32 0 2 0 5
w 528 -48 560 -48 0
w 560 -48 576 -48 0
w 560 -48 560 -288 0
w 560 -288 576 -288 0
w 448 -320 576 -320 0
w 448 -32 448 0 0
w 448 0 544 0 0
w 544 0 544 -16 0
w 544 -16 576 -16 0
w 624 -32 928 -32 0
w 928 -32 928 208 0
w 928 208 1040 208 0
w 624 -304 1024 -304 0
w 1024 -304 1024 176 0
w 1024 176 1040 176 0
